0, 2601, 0.0, 0.0, 0.0, 0.0, 0.0, 0.0, 0.0, 1, False
0, 2602, -30.0, -50.0, 2.0, 7.0, 0.0, 0.0, 0.7853981633974483, 7, False
0, 2603, -50.0, 40.0, 0.0, 8.0, 0.0, 0.0, 4.71238898038469, 5, False
0, 2604, 50.0, 75.0, -9.0, 4.0, 0.0, 0.0, 3.141592653589793, 8, False
0.5, 2601, 0.0, 0.0, 0.0, 0.0, 0.0, 0.0, 0.0, 1, False
0.5, 2602, -29.0, -46.5, 1.614128183429355, 6.356880305715592, -0.7717436331412899, -1.2862393885688164, 0.7853981633974483, 7, False
0.5, 2603, -50.0, 44.0, 0.7808688094430304, 7.375304952445576, 1.5617376188860608, -1.2493900951088486, 4.71238898038469, 5, False
0.5, 2604, 45.5, 77.0, -8.73013402488703, 3.0371021053734064, 0.539731950225938, -1.9257957892531872, 3.141592653589793, 8, False
1.0, 2601, 0.0, 0.0, 0.0, 0.0, 0.0, 0.0, 0.0, 1, False
1.0, 2602, -28.19293590828532, -43.321559847142204, 1.2172442498435607, 5.720497446690094, -0.7937678671715888, -1.2727657180509957, 0.7853981633974483, 7, False
1.0, 2603, -49.60956559527848, 47.68765247622279, 1.5315823263657857, 6.714677057553551, 1.5014270338455105, -1.3212557897840493, 4.71238898038469, 5, False
1.0, 2604, 41.13493298755648, 78.5185510526867, -8.431608857074187, 2.082700342915733, 0.5970503356256894, -1.9088035249153463, 3.141592653589793, 8, False
1.5, 2601, 0.0, 0.0, 0.0, 0.0, 0.0, 0.0, 0.0, 1, False
1.5, 2602, -27.58431378336354, -40.46131112379716, 0.8081570258435127, 5.091889744573794, -0.8181744480000961, -1.2572154042325994, 0.7853981633974483, 7, False
1.5, 2603, -48.84377443209559, 51.04499100499956, 2.2525159625463593, 6.02167295062239, 1.4418672723611472, -1.3860082138623226, 4.71238898038469, 5, False
1.5, 2604, 36.91912855901939, 79.55990122414457, -8.104203913337793, 1.1378162215458327, 0.6548098874727877, -1.889768242739801, 3.141592653589793, 8, False
2.0, 2601, 0.0, 0.0, 0.0, 0.0, 0.0, 0.0, 0.0, 1, False
2.0, 2602, -27.180235270441784, -37.915366251510264, 0.38568518607966806, 4.472198253098759, -0.8449436795276892, -1.2393829829500684, 0.7853981633974483, 7, False
2.0, 2603, -47.717516450822416, 54.055827480310754, 2.943872612922729, 5.299159295401697, 1.3827133007527392, -1.4450273104413858, 4.71238898038469, 5, False
2.0, 2604, 32.86702660235049, 80.12880933491748, -7.7477400886167045, 0.2035070962210218, 0.7129276494421768, -1.8686182506496218, 3.141592653589793, 8, False
2.5, 2601, 0.0, 0.0, 0.0, 0.0, 0.0, 0.0, 0.0, 1, False
2.5, 2602, -26.98739267740195, -35.67926712496089, -0.051284273148396564, 3.8626429301772607, -0.8739389184561293, -1.2191106458429977, 0.7853981633974483, 7, False
2.5, 2603, -46.24558014436105, 56.7054071280116, 3.605659533500961, 4.549467310816308, 1.3235738411564646, -1.4993839691707795, 4.71238898038469, 5, False
2.5, 2604, 28.99315655804214, 80.23056288302799, -7.362041515245162, -0.7191177519698106, 0.7713971467430857, -1.845249696381665, 3.141592653589793, 8, False
3.0, 2601, 0.0, 0.0, 0.0, 0.0, 0.0, 0.0, 0.0, 1, False
3.0, 2602, -27.013034813976148, -33.74794565987226, -0.5037262557769218, 3.2644822056598706, -0.9048839652570504, -1.1963214490347807, 0.7853981633974483, 7, False
3.0, 2603, -44.44275037761057, 58.980140783419756, 4.2376706044592725, 3.7745079530522196, 1.2640221419166238, -1.5499187155281762, 4.71238898038469, 5, False
3.0, 2604, 25.31213580041956, 79.87100400704308, -6.94690194116291, -1.6288754856719243, 0.8302791481645039, -1.8195154674042275, 3.141592653589793, 8, False
3.5, 2601, 0.0, 0.0, 0.0, 0.0, 0.0, 0.0, 0.0, 1, False
3.5, 2602, -27.26489794186461, -32.11570455704232, -0.972402810632435, 2.678954847692058, -0.9373531097110266, -1.1710547159356257, 0.7853981633974483, 7, False
3.5, 2603, -42.32391507538094, 60.86739475994587, 4.839468582241102, 2.9758595986823497, 1.2035959555636584, -1.5972967087397398, 4.71238898038469, 5, False
3.5, 2604, 21.838684829838108, 79.05656626420712, -6.50205427756639, -2.5244817363159875, 0.889695327193041, -1.7912125012881268, 3.141592653589793, 8, False
4.0, 2601, 0.0, 0.0, 0.0, 0.0, 0.0, 0.0, 0.0, 1, False
4.0, 2602, -27.75109934718083, -30.776227133196294, -1.457793307354948, 2.1072065939199347, -0.970780993445026, -1.1434965075442463, 0.7853981633974483, 7, False
4.0, 2603, -39.90418078426039, 62.35532455928704, 5.410363801619702, 2.1548366705672706, 1.1417904387572022, -1.6420458562301588, 4.71238898038469, 5, False
4.0, 2604, 18.587657691054915, 77.79432539604913, -6.027141520846838, -3.4045146183749684, 0.9498255134391028, -1.7600657641179618, 3.141592653589793, 8, False
4.5, 2601, 0.0, 0.0, 0.0, 0.0, 0.0, 0.0, 0.0, 1, False
4.5, 2602, -28.479996000858304, -29.722623836236327, -1.9600415341634632, 1.5502086417982932, -1.0044964536170302, -1.1139959042432832, 0.7853981633974483, 7, False
4.5, 2603, -37.19899888345054, 63.43274289457068, 5.94938657459124, 1.312545479696753, 1.0780455459430747, -1.6845823817410353, 4.71238898038469, 5, False
4.5, 2604, 15.574086930631495, 76.09206808686164, -5.521686761448454, -4.267367726500287, 1.0109095187967674, -1.7257062162506365, 3.141592653589793, 8, False
5.0, 2601, 0.0, 0.0, 0.0, 0.0, 0.0, 0.0, 0.0, 1, False
5.0, 2602, -29.460016767940036, -28.94751951533718, -2.478930807798829, 1.0086793981685862, -1.0377785472707317, -1.083058487259414, 0.7853981633974483, 7, False
5.0, 2603, -34.22430559615492, 64.08901563441906, 6.45525067021697, 0.44993228900421434, 1.0117281912514602, -1.7252263813850774, 4.71238898038469, 5, False
5.0, 2604, 12.813243549907268, 73.9583842236115, -4.985059040551874, -5.111186835767992, 1.0732554417931601, -1.687638218535409, 3.141592653589793, 8, False
5.5, 2601, 0.0, 0.0, 0.0, 0.0, 0.0, 0.0, 0.0, 1, False
5.5, 2602, -30.69948217183945, -28.443179816252886, -3.013893684462102, 0.48302293184085665, -1.0699257533265465, -1.051312932655459, 0.7853981633974483, 7, False
5.5, 2603, -30.996680261046436, 64.31398177892116, 6.926304943881484, -0.4321719402467271, 0.942108547329027, -1.764208458501883, 4.71238898038469, 5, False
5.5, 2604, 10.32071402963133, 71.4027908057275, -4.416429738623879, -5.933780731313589, 1.1372586038559909, -1.6451877910911943, 3.141592653589793, 8, False
6.0, 2601, 0.0, 0.0, 0.0, 0.0, 0.0, 0.0, 0.0, 1, False
6.0, 2602, -32.2064290140705, -28.201668350332458, -3.564055733990248, -0.0267041708905853, -1.1003240990562917, -1.019454205462884, 0.7853981633974483, 7, False
6.0, 2603, -27.533527789105694, 64.0978958087978, 7.36046948845867, -1.3330055254510562, 0.8683290891543712, -1.8016671704086582, 4.71238898038469, 5, False
6.0, 2604, 8.112499160319391, 68.43590044007071, -3.8147092875652233, -6.732487497766564, 1.203440902117312, -1.5974135329059502, 3.141592653589793, 8, False
6.5, 2601, 0.0, 0.0, 0.0, 0.0, 0.0, 0.0, 0.0, 1, False
6.5, 2602, -33.98845688106562, -28.21502043577775, -4.128305513557937, -0.5207913962443833, -1.1284995591353773, -0.988174450707596, 0.7853981633974483, 7, False
6.5, 2603, -23.85329304487636, 63.43139304607227, 7.682682904246886, -2.230780893049032, 0.7893642438068614, -1.837635461836548, 4.71238898038469, 5, False
6.5, 2604, 6.205144516536779, 65.06965669118743, -3.1784413304591617, -7.503955634995885, 1.2725359142121238, -1.5429362744586426, 3.141592653589793, 8, False
7.0, 2601, 0.0, 0.0, 0.0, 0.0, 0.0, 0.0, 0.0, 1, False
7.0, 2602, -36.05260963784459, -28.47541613389994, -4.705378043851579, -0.9998397182125265, -1.1541450605872836, -0.9580966439362865, 0.7853981633974483, 7, False
7.0, 2603, -20.011951592752915, 62.31600259954776, 7.442756795871835, -2.933491311987067, 0.703967733813392, -1.872012133975001, 4.71238898038469, 5, False
7.0, 2604, 4.6159238513071985, 61.31767887368949, -2.505593898651507, -8.243736909096443, 1.345694863615309, -1.4795625482011148, 3.141592653589793, 8, False
7.5, 2601, 0.0, 0.0, 0.0, 0.0, 0.0, 0.0, 0.0, 1, False
7.5, 2602, -38.40529865977038, -28.975335993006205, -5.293938241488701, -1.4647019491555793, -1.177120395274244, -0.9297244618861054, 0.7853981633974483, 7, False
7.5, 2603, -16.290573194816997, 60.849256943554224, 7.15122487982005, -3.5860818058492088, 0.6115144907501403, -1.9042190072579879, 4.71238898038469, 5, False
7.5, 2604, 3.363126901981445, 57.19581041914127, -1.793051011686579, -8.945365467691149, 1.4250857739298566, -1.4032571171894126, 3.141592653589793, 8, False
8.0, 2601, 0.0, 0.0, 0.0, 0.0, 0.0, 0.0, 0.0, 1, False
8.0, 2602, -41.05226778051473, -29.707686967583996, -5.892653519404251, -1.9164098370549438, -1.1974305558311016, -0.9034157757987289, 0.7853981633974483, 7, False
8.0, 2603, -12.714960754906972, 59.05621604062962, 6.816482508435467, -4.187548950423545, 0.517225248607589, -1.9319622258736888, 4.71238898038469, 5, False
8.0, 2604, 2.4666013961381554, 52.723127685295694, -1.1900197285566487, -9.46406141525554, 1.2060625662598603, -1.0373918951287813, 3.141592653589793, 8, False
8.5, 2601, 0.0, 0.0, 0.0, 0.0, 0.0, 0.0, 0.0, 1, False
8.5, 2602, -43.99859454021686, -30.665891886111467, -6.500249412177646, -2.3560997631220544, -1.2151917855467897, -0.879379852134221, 0.7853981633974483, 7, False
8.5, 2603, -9.306719500689239, 56.96244156541785, 6.445968310486329, -4.738089545397598, 0.42095902685455694, -1.9551965368498545, 4.71238898038469, 5, False
8.5, 2604, 1.871591531859831, 47.99109697766792, -0.8286745332698938, -9.726567805544358, 0.7226903905735098, -0.5250127805776366, 3.141592653589793, 8, False
9.0, 2601, 0.0, 0.0, 0.0, 0.0, 0.0, 0.0, 0.0, 1, False
9.0, 2602, -47.24871924630568, -31.843941767672494, -7.115546693862713, -2.784946186857833, -1.2305945633701347, -0.857692847471557, 0.7853981633974483, 7, False
9.0, 2603, -6.083735345446074, 54.59339679271905, 6.046077858607258, -5.238792086698905, 0.3224909124755706, -1.9738286681904975, 4.71238898038469, 5, False
9.0, 2604, 1.457254265224884, 43.12781307489574, -0.6091827712022847, -9.859485983287929, 0.43898352413521824, -0.26583635548714035, 3.141592653589793, 8, False
9.5, 2601, 0.0, 0.0, 0.0, 0.0, 0.0, 0.0, 0.0, 1, False
9.5, 2602, -50.80649259323704, -33.23641486110141, -7.3913272762313476, -3.060764789335909, -1.243870193776461, -0.8383238879064041, 0.7853981633974483, 7, False
9.5, 2603, -3.0606964161424455, 51.974000749369594, 5.622134925690723, -5.691361777055519, 0.22150330434616564, -1.9876962258262025, 4.71238898038469, 5, False
9.5, 2604, 1.1526628796237417, 38.19807008325178, -0.47344102022959333, -9.926891158437284, 0.2714835019453828, -0.1348103502987108, 3.141592653589793, 8, False
10.0, 2601, 0.0, 0.0, 0.0, 0.0, 0.0, 0.0, 0.0, 1, False
10.0, 2602, -54.502156231352714, -34.76679725576936, -7.341625357818327, -3.1781342176564737, -1.2552644394013248, -0.8211645311230129, 0.7853981633974483, 7, False
10.0, 2603, -0.2496289532970839, 49.128319860841835, 5.178400384250239, -6.097882375087025, 0.11757428795528613, -1.9965410806722228, 4.71238898038469, 5, False
10.0, 2604, 0.915942369508945, 33.234624504033135, -0.3875315896977606, -9.961170663522001, 0.17181886106366545, -0.06855901016943555, 3.141592653589793, 8, False
10.5, 2601, 0.0, 0.0, 0.0, 0.0, 0.0, 0.0, 0.0, 1, False
10.5, 2602, -58.17296891026188, -36.3558643645976, -7.297695100662107, -3.2777501762294645, -1.2646128039590463, -0.8066935329248888, 0.7853981633974483, 7, False
10.5, 2603, 2.3395712388280354, 46.07937867329832, 4.718101354958158, -6.460612943393373, 0.010162192868817652, -1.9999741822923858, 4.71238898038469, 5, False
10.5, 2604, 0.7221765746600648, 28.254039172272137, -0.3315129080614302, -9.978687544881659, 0.11203736327266084, -0.0350337627193138, 3.141592653589793, 8, False
11.0, 2601, 0.0, 0.0, 0.0, 0.0, 0.0, 0.0, 0.0, 1, False
11.0, 2602, -61.821816460592935, -37.99473945271233, -7.258960584370585, -3.3626613321228556, -1.2720194809277845, -0.7949631690463465, 0.7853981633974483, 7, False
11.0, 2603, 4.698621916307115, 42.849072201601636, 4.243465827169294, -6.78181375250356, -0.10141462755568045, -1.9974271133930628, 4.71238898038469, 5, False
11.0, 2604, 0.5564201206293498, 23.264695399831307, -0.27859654382135024, -9.40403739310835, 0.10583272848015993, 1.1493003035466156, 3.141592653589793, 8, False
11.5, 2601, 0.0, 0.0, 0.0, 0.0, 0.0, 0.0, 0.0, 1, False
11.5, 2602, -65.45129675277823, -39.67607011877376, -7.224856049783082, -3.4353245930934673, -1.2779435699842248, -0.7854045021108391, 0.7853981633974483, 7, False
11.5, 2603, 6.8203548298917624, 39.45816532534985, 3.755750148298669, -7.0635926286525414, -0.21800357347175306, -1.988083107406113, 4.71238898038469, 5, False
11.5, 2604, 0.41712184871867464, 18.562676703277134, -0.22958144957575716, -8.405239355196734, 0.09803018849118617, 1.9975960758232336, 3.141592653589793, 8, False
12.0, 2601, 0.0, 0.0, 0.0, 0.0, 0.0, 0.0, 0.0, 1, False
12.0, 2602, -69.06372477766978, -41.39373241532049, -7.194850347465934, -3.497731904759046, -1.2827218818949042, -0.777576088693573, 0.7853981633974483, 7, False
12.0, 2603, 8.698229904041098, 35.92636901102358, 3.255248246403154, -7.307760180403378, -0.34064918271886, -1.9707760233758103, 4.71238898038469, 5, False
12.0, 2604, 0.3023311239307961, 14.360057025678767, -0.19150787657462226, -7.405964416534242, 0.07614714600226978, 1.9985498773249841, 3.141592653589793, 8, False
12.5, 2601, 0.0, 0.0, 0.0, 0.0, 0.0, 0.0, 0.0, 1, False
12.5, 2602, -72.66114995140275, -43.14259836770002, -7.168457925152388, -3.5515082676688103, -1.286605000160486, -0.7711339530600603, 0.7853981633974483, 7, False
12.5, 2603, 10.325854027242674, 32.27248892082189, 2.7412721965880245, -7.515678728113215, -0.47062804195321495, -1.9438387911880146, 4.71238898038469, 5, False
12.5, 2604, 0.20657718564348496, 10.657074817411646, -0.15827930259485964, -6.40651663807292, 0.06645714795952522, 1.9988955569226436, 3.141592653589793, 8, False
13.0, 2601, 0.0, 0.0, 0.0, 0.0, 0.0, 0.0, 0.0, 1, False
13.0, 2602, -76.24537891397894, -44.91835250153442, -7.145242215778412, -3.5979874482629883, -1.2897817995163199, -0.7658086638556941, 0.7853981633974483, 7, False
13.0, 2603, 11.696490125536686, 28.514649556765285, 2.212094167944295, -7.688084247206636, -0.6094795776269148, -1.9048712934095358, 4.71238898038469, 5, False
13.0, 2604, 0.12743753434605515, 7.453816498375186, -0.1278258055905067, -5.406980453375134, 0.06090699400870589, 1.999072369395571, 3.141592653589793, 8, False
13.5, 2601, 0.0, 0.0, 0.0, 0.0, 0.0, 0.0, 0.0, 1, False
13.5, 2602, -79.81800002186814, -46.71734622566591, -7.124814867735704, -3.6382706194691274, -1.2923963565209287, -0.7613879810263808, 0.7853981633974483, 7, False
13.5, 2603, 12.802537209508833, 24.670607433161965, 1.664841293120355, -7.824851657937124, -0.7590111975003484, -1.85037888068068, 4.71238898038469, 5, False
13.5, 2604, 0.06352463155080179, 4.750326271687619, -0.09924384939136434, -4.407389000940776, 0.05716391239828475, 1.9991829048687169, 3.141592653589793, 8, False
14.0, 2601, 0.0, 0.0, 0.0, 0.0, 0.0, 0.0, 0.0, 1, False
14.0, 2602, -83.38040745573599, -48.536481535400476, -7.1068328293022, -3.6732719932442373, -1.2945597835652765, -0.7577037460481668, 0.7853981633974483, 7, False
14.0, 2603, 13.63495785606901, 20.758181604193403, 1.0953416553625306, -7.924659403282117, -0.9212223760160769, -1.775204026000193, 4.71238898038469, 5, False
14.0, 2604, 0.013902706855119622, 2.5466317712172315, -0.0720917729406563, -3.407757686533101, 0.054304152901416075, 1.999262628815349, 3.141592653589793, 8, False
14.5, 2601, 0.0, 0.0, 0.0, 0.0, 0.0, 0.0, 0.0, 1, False
14.5, 2602, -86.93382387038709, -50.3731175320226, -7.090994453406124, -3.703754535841108, -1.2963586288874327, -0.7546219618518242, 0.7853981633974483, 7, False
14.5, 2603, 14.182628683750275, 16.795851902552343, 0.4979426050197974, -7.984488284298882, -1.0980108238138775, -1.6716375895473188, 4.71238898038469, 5, False
14.5, 2604, -0.02214317961520853, 0.8427529279506809, -0.0720917729406563, -3.407757686533101, 0.0, 0.0, 3.141592653589793, 8, False
15.0, 2601, 0.0, 0.0, 0.0, 0.0, 0.0, 0.0, 0.0, 1, False
15.0, 2602, -90.47932109709015, -52.224994799943154, -7.077035287665244, -3.730358097708705, -1.2978609208825862, -0.7520352585123953, 0.7853981633974483, 7, False
15.0, 2603, 14.431599986260174, 12.803607760402901, -0.1346083574728383, -7.99886745671526, -1.290333214557148, -1.528083831277138, 4.71238898038469, 5, False
15.0, 2604, -0.05818906608553668, -0.8611259153158697, -0.0720917729406563, -3.407757686533101, 0.0, 0.0, 3.141592653589793, 8, False
15.5, 2601, 0.0, 0.0, 0.0, 0.0, 0.0, 0.0, 0.0, 1, False
15.5, 2602, -94.01783874092277, -54.090173848797505, -7.064723917593353, -3.7536217135167482, -1.2991205737830918, -0.749857142910228, 0.7853981633974483, 7, False
15.5, 2603, 14.364295807523755, 8.804174032045271, -0.8109425111271268, -7.958792134717857, -1.4960781535678298, -1.327309368013755, 4.71238898038469, 5, False
15.5, 2604, -0.09423495255586484, -2.56500475858242, -0.0720917729406563, -3.407757686533101, 0.0, 0.0, 3.141592653589793, 8, False
16.0, 2601, 0.0, 0.0, 0.0, 0.0, 0.0, 0.0, 0.0, 1, False
16.0, 2602, -97.55020069971944, -55.96698470555588, -7.053858055349174, -3.774001395731798, -1.3001806380313365, -0.7480175856812639, 0.7853981633974483, 7, False
16.0, 2603, 13.958824551960191, 4.8247779646863425, -1.5397830863466853, -7.850418335795913, -1.7051892401730173, -1.0451457578721586, 4.71238898038469, 5, False
16.0, 2604, -0.13028083902619297, -4.26888360184897, -0.0720917729406563, -3.407757686533101, 0.0, 0.0, 3.141592653589793, 8, False
16.5, 2601, 0.0, 0.0, 0.0, 0.0, 0.0, 0.0, 0.0, 1, False
16.5, 2602, -101.07712972739402, -57.85398540342178, -7.044260963535544, -3.791884423028909, -1.3010757255323715, -0.7464596147350591, 0.7853981633974483, 7, False
16.5, 2603, 13.188933008786849, 0.8995687967883859, -2.326068102045617, -7.654371769429931, -1.8902701098555956, -0.6533597108687637, 4.71238898038469, 5, False
16.5, 2604, -0.1663267254965211, -5.972762445115521, -0.048309029377387847, -2.4080405359807044, 0.0475654871265369, 1.9994343011047937, 3.141592653589793, 8, False
17.0, 2601, 0.0, 0.0, 0.0, 0.0, 0.0, 0.0, 0.0, 1, False
17.0, 2602, -104.5992602091618, -59.74992761493623, -7.035778244236351, -3.807600884800092, -1.3018338383511288, -0.745136670231688, 0.7853981633974483, 7, False
17.0, 2603, 12.02589895776404, -2.9276170879265795, -3.16271897826846, -7.348279299570784, -1.9953640646091653, -0.13609647191015306, 4.71238898038469, 5, False
17.0, 2604, -0.19048124018521503, -7.176782713105873, -0.024854153594693888, -1.4083156394206466, 0.04690975156538792, 1.9994497931201156, 3.141592653589793, 8, False
17.5, 2601, 0.0, 0.0, 0.0, 0.0, 0.0, 0.0, 0.0, 1, False
17.5, 2602, -108.11714933127998, -61.65372805733628, -7.028274990268417, -3.821433063808324, -1.3024777611005007, -0.7440105387954039, 0.7853981633974483, 7, False
17.5, 2603, 10.44453946862981, -6.6017567377119715, -4.020677816988442, -6.916223672783946, -1.9432461673286952, 0.47306905749830813, 4.71238898038469, 5, False
17.5, 2604, -0.20290831698256198, -7.880940532816196, -0.0017493537765829285, -0.4085825909395209, 0.04620959963622192, 1.9994660969622515, 3.141592653589793, 8, False
18.0, 2601, 0.0, 0.0, 0.0, 0.0, 0.0, 0.0, 0.0, 1, False
18.0, 2602, -111.63128682641418, -63.564444589240445, -7.02163327801944, -3.8336231047156915, -1.3030261307454067, -0.7430497309027536, 0.7853981633974483, 7, False
18.0, 2603, 8.434200560135588, -10.059868574103945, -4.850586929983732, -6.36174554934972, -1.690597284938051, 1.0685882369556994, 4.71238898038469, 5, False
18.0, 2604, -0.20378299387085344, -8.085231828285957, 0.020937128755104697, 0.5911600376956391, 0.04537296506337525, 1.99948525727032, 3.141592653589793, 8, False
18.5, 2601, 0.0, 0.0, 0.0, 0.0, 0.0, 0.0, 0.0, 1, False
18.5, 2602, -115.1421034654239, -65.4812561415983, -7.015749972883779, -3.8443793150495997, -1.3034942654725568, -0.7422281993296673, 0.7853981633974483, 7, False
18.5, 2603, 6.008907095143723, -13.240741348778805, -5.4930601713991685, -5.595437429814803, -1.284946482830874, 1.5326162390698352, 4.71238898038469, 5, False
18.5, 2604, -0.1933144294933011, -7.789651809438138, 0.0423096571698732, 1.5588974920175005, 0.042745056829537, 1.9354749086437226, 3.141592653589793, 8, False
19.0, 2601, 0.0, 0.0, 0.0, 0.0, 0.0, 0.0, 0.0, 1, False
19.0, 2602, -118.64997845186579, -67.40344579912309, -7.010534815339516, -3.8538813685572304, -1.3038948118932867, -0.7415243215955704, 0.7853981633974483, 7, False
19.0, 2603, 3.2623770094441387, -16.038460063686205, -5.906315198718876, -4.684822098077528, -0.8265100546394154, 1.8212306634745505, 4.71238898038469, 5, False
19.0, 2604, -0.17215960090836452, -7.010203063429388, 0.051360208193264895, 1.9965818412334593, 0.01810110204678339, 0.8753686984319176, 3.141592653589793, 8, False
19.5, 2601, 0.0, 0.0, 0.0, 0.0, 0.0, 0.0, 0.0, 1, False
19.5, 2602, -122.15524585953555, -69.33038648340171, -7.005908755794568, -3.8622846225363805, -1.3042382540478203, -0.740920087916567, 0.7853981633974483, 7, False
19.5, 2603, 0.30921941008470055, -18.380871112724968, -6.1056429689865315, -3.7048892228252863, -0.3986555405353101, 1.9598657505044832, 4.71238898038469, 5, False
19.5, 2604, -0.14647949681173206, -6.011912142812658, 0.0525800417385644, 2.0936351492775715, 0.002439667090599014, 0.1941066160882241, 3.141592653589793, 8, False
20.0, 2601, 0.0, 0.0, 0.0, 0.0, 0.0, 0.0, 0.0, 1, False
20.0, 2602, -125.65820023743284, -71.2615287946699, -7.001802508054753, -3.869723716003273, -1.304533316404419, -0.7404004500207226, 0.7853981633974483, 7, False
20.0, 2603, -2.743602074408565, -20.23331572413761, -6.122463480997541, -2.7050306976450047, -0.033641024022018726, 1.999717050360563, 4.71238898038469, 5, False
20.0, 2604, -0.12018947594244986, -4.965094568173873, 0.04917744224611533, 1.9861788469532637, -0.006805198984898134, -0.21491260464861583, 3.141592653589793, 8, False
20.5, 2601, 0.0, 0.0, 0.0, 0.0, 0.0, 0.0, 0.0, 1, False
20.5, 2602, -129.1591014914602, -73.19639065267154, -6.998155293786579, -3.876315581070106, -1.3047872849163888, -0.7399527965488867, 0.7853981633974483, 7, False
20.5, 2603, -5.804833814907336, -21.585831072960115, -5.988094920183375, -1.7140992722351887, 0.2687371216283322, 1.981862850819632, 4.71238898038469, 5, False
20.5, 2604, -0.09560075481939219, -3.972005144697241, 0.04336832673906546, 1.7688854497537996, -0.011618231014099749, -0.43458679439892833, 3.141592653589793, 8, False
21.0, 2601, 0.0, 0.0, 0.0, 0.0, 0.0, 0.0, 0.0, 1, False
21.0, 2602, -132.6581791383535, -75.1345484432066, -6.994913753164943, -3.882161973151549, -1.3050062642787126, -0.7395665285782738, 0.7853981633974483, 7, False
21.0, 2603, -8.798881274999022, -22.44288070907771, -5.728402444662411, -0.7484079042724252, 0.5193849510419292, 1.931382735925527, 4.71238898038469, 5, False
21.0, 2604, -0.07391659144985946, -3.0875624198203413, 0.04336832673906546, 1.7688854497537996, 0.0, 0.0, 3.141592653589793, 8, False
21.5, 2601, 0.0, 0.0, 0.0, 0.0, 0.0, 0.0, 0.0, 1, False
21.5, 2602, -136.15563601493596, -77.07562942978237, -6.992030999725023, -3.8873516047412418, -1.3051953851733102, -0.7392327147267591, 0.7853981633974483, 7, False
21.5, 2603, -11.663082497330228, -22.817084661213922, -5.363395756821681, 0.18259699250929418, 0.73001337568146, 1.8620097935634388, 4.71238898038469, 5, False
21.5, 2604, -0.05223242808032673, -2.2031196949434415, 0.04336832673906546, 1.7688854497537996, 0.0, 0.0, 3.141592653589793, 8, False
22.0, 2601, 0.0, 0.0, 0.0, 0.0, 0.0, 0.0, 0.0, 1, False
22.0, 2602, -139.6516515147985, -79.01930523215299, -6.989465800123955, -3.891961951111239, -1.305358972063746, -0.7389438098074036, 0.7853981633974483, 7, False
22.0, 2603, -14.344780375741069, -22.725786164959274, -4.908253229922032, 1.073015590814273, 0.9102850537992968, 1.7808371966099574, 4.71238898038469, 5, False
22.0, 2604, -0.030548264710794, -1.3186769700665417, 0.04336832673906546, 1.7688854497537996, 0.0, 0.0, 3.141592653589793, 8, False
22.5, 2601, 0.0, 0.0, 0.0, 0.0, 0.0, 0.0, 0.0, 1, False
22.5, 2602, -143.14638441486048, -80.9652862077086, -6.987181861984118, -3.8960607833502974, -1.3055006796859097, -0.738693424459449, 0.7853981633974483, 7, False
22.5, 2603, -16.798906990702086, -22.189278369552138, -4.3744823040708685, 1.9186447049748439, 1.067541851702326, 1.6912582283211421, 4.71238898038469, 5, False
22.5, 2604, -0.008864101341261268, -0.43423424518964193, 0.04336832673906546, 1.7688854497537996, 0.0, 0.0, 3.141592653589793, 8, False
23.0, 2601, 0.0, 0.0, 0.0, 0.0, 0.0, 0.0, 0.0, 1, False
23.0, 2602, -146.63997534585255, -82.91331659938375, -6.985147215206179, -3.8997074738879265, -1.3056236045613103, -0.7384761358448432, 0.7853981633974483, 7, False
23.0, 2603, -18.98614814273752, -21.229956017064715, -3.7708792449060664, 2.7159296897618974, 1.2072061183296041, 1.5945699695741073, 4.71238898038469, 5, False
23.0, 2604, 0.012820062028271462, 0.45020847968725786, 0.04336832673906546, 1.7688854497537996, 0.0, 0.0, 3.141592653589793, 8, False
23.5, 2601, 0.0, 0.0, 0.0, 0.0, 0.0, 0.0, 0.0, 1, False
23.5, 2602, -150.13254895345563, -84.86317033632771, -6.983333674103236, -3.902954111456577, -1.3057303764774852, -0.7382873315613406, 0.7853981633974483, 7, False
23.5, 2603, -20.871587765190554, -19.871991172183765, -3.1042613793686793, 3.461329328443308, 1.3332357310747742, 1.490799277362822, 4.71238898038469, 5, False
23.5, 2604, 0.03450422539780419, 1.3346512045641576, 0.04336832673906546, 1.7688854497537996, 0.0, 0.0, 3.141592653589793, 8, False
24.0, 2601, 0.0, 0.0, 0.0, 0.0, 0.0, 0.0, 0.0, 1, False
24.0, 2602, -153.62421579050724, -86.814647392056, -6.98171636942921, -3.905846455871532, -1.3058232338229416, -0.7381230805280343, 0.7853981633974483, 7, False
24.0, 2603, -22.423718454874894, -18.141326507962113, -2.3800244807494817, 4.150880569960896, 1.4484737972383948, 1.3791024830351752, 4.71238898038469, 5, False
24.0, 2604, 0.05618838876733692, 2.2190939294410574, 0.04336832673906546, 1.7688854497537996, 0.0, 0.0, 3.141592653589793, 8, False
24.5, 2601, 0.0, 0.0, 0.0, 0.0, 0.0, 0.0, 0.0, 1, False
24.5, 2602, -157.11507397522183, -88.76757061999177, -6.980273340874209, -3.9084247577100415, -1.3059040858501392, -0.7379800258542997, 0.7853981633974483, 7, False
24.5, 2603, -23.613730695249636, -16.065886222981664, -1.6025896209525428, 4.779844033742787, 1.554869719593878, 1.2579269275637814, 4.71238898038469, 5, False
24.5, 2604, 0.07787255213686965, 3.103536654317957, 0.04336832673906546, 1.7688854497537996, 0.0, 0.0, 3.141592653589793, 8, False
25.0, 2601, 0.0, 0.0, 0.0, 0.0, 0.0, 0.0, 0.0, 1, False
25.0, 2602, -160.60521064565893, -90.72178299884679, -6.978985181899368, -3.9107244636804888, -1.3059745643093987, -0.7378552956893891, 0.7853981633974483, 7, False
25.0, 2603, -24.415025505725907, -13.67596420611027, -0.7758023332523712, 5.342358727681882, 1.653574575400343, 1.12502938787819, 4.71238898038469, 5, False
25.0, 2604, 0.09955671550640238, 3.987979379194857, 0.04336832673906546, 1.7688854497537996, 0.0, 0.0, 3.141592653589793, 8, False
25.5, 2601, 0.0, 0.0, 0.0, 0.0, 0.0, 0.0, 0.0, 1, False
25.5, 2602, -164.0947032366086, -92.67714523068703, -6.977834729906337, -3.912776824981582, -1.306036066405102, -0.7377464288284208, 0.7853981633974483, 7, False
25.5, 2603, -24.802926672352093, -11.00478484226933, 0.09664959841760468, 5.831058663148757, 1.7449038633399518, 0.9773998709337497, 4.71238898038469, 5, False
25.5, 2604, 0.12124087887593511, 4.872422104071757, 0.04336832673906546, 1.7688854497537996, 0.0, 0.0, 3.141592653589793, 8, False
26.0, 2601, 0.0, 0.0, 0.0, 0.0, 0.0, 0.0, 0.0, 1, False
26.0, 2602, -167.5836206015618, -94.63353364317783, -6.976806795704091, -3.914609423099222, -1.306089790640241, -0.7376513124677071, 0.7853981633974483, 7, False
26.0, 2603, -24.75460187314329, -8.089255510694953, 1.0107172554510182, 6.236620395028684, 1.828135314066827, 0.8111234637598541, 4.71238898038469, 5, False
26.0, 2604, 0.14292504224546784, 5.756864828948657, 0.018689327916860923, 0.7691900226275504, -0.049357997644409075, -1.9993908542524983, 3.141592653589793, 8, False
26.5, 2601, 0.0, 0.0, 0.0, 0.0, 0.0, 0.0, 0.0, 1, False
26.5, 2602, -171.07202399941383, -96.59083835472744, -6.975887927068138, -3.916246625148242, -1.306136766811783, -0.7375681299937402, 0.7853981633974483, 7, False
26.5, 2603, -24.24924324541778, -4.970945313180611, 1.9612533451369059, 6.547234532190311, 1.9010721793717753, 0.621228274323254, 4.71238898038469, 5, False
26.5, 2604, 0.1522697062038983, 6.141459840262431, -0.005971478398117593, -0.23050585344271468, -0.04932161262995703, -1.9993917521405302, 3.141592653589793, 8, False
27.0, 2601, 0.0, 0.0, 0.0, 0.0, 0.0, 0.0, 0.0, 1, False
27.0, 2602, -174.5599679629479, -98.54896166730155, -6.975066201902868, -3.917709978938245, -1.3061778811788138, -0.7374953170829117, 0.7853981633974483, 7, False
27.0, 2603, -23.26861657284933, -1.6973280470854553, 2.940881949394367, 6.748052354408803, 1.9592572085149227, 0.40163564443698524, 4.71238898038469, 5, False
27.0, 2604, 0.1492839670048395, 6.026206913541074, -0.026777880793417908, -1.0748560267623621, -0.04161280479060063, -1.6887003466392951, 3.141592653589793, 8, False
27.5, 2601, 0.0, 0.0, 0.0, 0.0, 0.0, 0.0, 0.0, 1, False
27.5, 2602, -178.04750106389932, -100.50781665677067, -6.97433104713257, -3.9190185563483504, -1.306213897634076, -0.7374315247042236, 0.7853981633974483, 7, False
27.5, 2603, -21.798175598152145, 1.6766981301189463, 3.9382320370014714, 6.820804005593512, 1.9947001752142084, 0.14550330236941805, 4.71238898038469, 5, False
27.5, 2604, 0.13589502660813055, 5.488778900159893, -0.036714560241215125, -1.4790228436219737, -0.019873358895594436, -0.8083336337192233, 3.141592653589793, 8, False
28.0, 2601, 0.0, 0.0, 0.0, 0.0, 0.0, 0.0, 0.0, 1, False
28.0, 2602, -181.5346665874656, -102.46732593494485, -6.9736730799749544, -3.920189252272477, -1.3062454755564876, -0.7373755878710697, 0.7853981633974483, 7, False
28.0, 2603, -19.82905957965141, 5.087100132915703, 4.724436071375572, 6.455982017283301, 1.994109562871171, -0.15338530329124586, 4.71238898038469, 5, False
28.0, 2604, 0.11753774648752299, 4.749267478348907, -0.03959087802812796, -1.5971331249609702, -0.0057526355738256735, -0.23622056267799296, 3.141592653589793, 8, False
28.5, 2601, 0.0, 0.0, 0.0, 0.0, 0.0, 0.0, 0.0, 1, False
28.5, 2602, -185.0215031274531, -104.42742056108109, -6.97308396870485, -3.9212370452946907, -1.306273184899423, -0.7373264991933479, 0.7853981633974483, 7, False
28.5, 2603, -17.466841543963625, 8.315091141557353, 5.40728137299924, 5.895872128295816, 1.9372636429501464, -0.49700058119033086, 4.71238898038469, 5, False
28.5, 2604, 0.09774230747345901, 3.950700915868422, -0.038160711902739446, -1.5406396059725016, 0.0028603322507770312, 0.11298703797693688, 3.141592653589793, 8, False
29.0, 2601, 0.0, 0.0, 0.0, 0.0, 0.0, 0.0, 0.0, 1, False
29.0, 2602, -188.5080451118055, -106.38803908372844, -6.972556310405933, -3.922175225333309, -1.3062975189704742, -0.7372833864475605, 0.7853981633974483, 7, False
29.0, 2603, -14.763200857464005, 11.263027205705262, 6.046835863610835, 5.237917146972621, 1.8058194455744543, -0.8596604736668828, 4.71238898038469, 5, False
29.0, 2604, 0.07866195152208928, 3.180381112882171, -0.038160711902739446, -1.5406396059725016, 0.0, 0.0, 3.141592653589793, 8, False
29.5, 2601, 0.0, 0.0, 0.0, 0.0, 0.0, 0.0, 0.0, 1, False
29.5, 2602, -191.99432326700847, -108.3491266963951, -6.972083523543878, -3.923015592720475, -1.3063189052782844, -0.737245493517963, 0.7853981633974483, 7, False
29.5, 2603, -11.739782925658588, 13.881985779191572, 6.62490278532113, 4.484491396473441, 1.5900908266551004, -1.2130998157560242, 4.71238898038469, 5, False
29.5, 2604, 0.059581595570719556, 2.4100613098959203, -0.038160711902739446, -1.5406396059725016, 0.0, 0.0, 3.141592653589793, 8, False
30.0, 2601, 0.0, 0.0, 0.0, 0.0, 0.0, 0.0, 0.0, 1, False
30.0, 2602, -195.4803650287804, -110.31063449275534, -6.971659753483047, -3.9237686325348857, -1.3063377147569173, -0.7372121641723467, 0.7853981633974483, 7, False
30.0, 2603, -8.427331532998023, 16.124231477428292, 7.121561038100874, 3.6446355621109223, 1.2914669165888122, -1.527125798143881, 4.71238898038469, 5, False
30.0, 2604, 0.04050123961934983, 1.6397415069096695, -0.038160711902739446, -1.5406396059725016, 0.0, 0.0, 3.141592653589793, 8, False
30.5, 2601, 0.0, 0.0, 0.0, 0.0, 0.0, 0.0, 0.0, 1, False
30.5, 2602, -198.96619490552192, -112.27251880902278, -6.971279789317603, -3.9244436674580907, -1.306354269625173, -0.7371828282265404, 0.7853981633974483, 7, False
30.5, 2603, -4.866551013947586, 17.946549258483753, 7.518256035492463, 2.734195710767819, 0.9264010126173096, -1.7725070278624069, 4.71238898038469, 5, False
30.5, 2604, 0.021420883667980107, 0.8694217039234187, -0.038160711902739446, -1.5406396059725016, 0.0, 0.0, 3.141592653589793, 8, False
31.0, 2601, 0.0, 0.0, 0.0, 0.0, 0.0, 0.0, 0.0, 1, False
31.0, 2602, -202.4518348001807, -114.23474064275183, -6.970938990602218, -3.925048991961976, -1.3063688500948294, -0.7371569897260104, 0.7853981633974483, 7, False
31.0, 2603, -1.107422996201354, 19.313647113867663, 7.77997348624794, 1.7690511744572959, 0.5234349015109524, -1.9302890726210464, 4.71238898038469, 5, False
31.0, 2604, 0.002340527716610384, 0.09910190093716786, -0.038160711902739446, -1.5406396059725016, 0.0, 0.0, 3.141592653589793, 8, False
31.5, 2601, 0.0, 0.0, 0.0, 0.0, 0.0, 0.0, 0.0, 1, False
31.5, 2602, -205.93730429548182, -116.19726513873282, -6.970633222752557, -3.925591990242784, -1.3063817001061802, -0.7371342168341439, 0.7853981633974483, 7, False
31.5, 2603, 2.782563746922616, 20.19817270109631, 7.837218345419196, 0.7706910059316967, 0.11448971834251391, -1.9967203370511983, 4.71238898038469, 5, False
31.5, 2604, -0.01673982823475934, -0.6712179020490829, -0.038160711902739446, -1.5406396059725016, 0.0, 0.0, 3.141592653589793, 8, False
32.0, 2601, 0.0, 0.0, 0.0, 0.0, 0.0, 0.0, 0.0, 1, False
32.0, 2602, -209.4226209068581, -118.16006113385421, -6.970358800045381, -3.926079239983566, -1.3063930322399209, -0.7371141331673031, 0.7853981633974483, 7, False
32.0, 2603, 6.701172919632214, 20.58351820406216, 7.70074416594349, -0.2199526223910382, -0.2729483589514121, -1.9812872566454698, 4.71238898038469, 5, False
32.0, 2604, -0.03582018418612906, -1.4415377050353337, -0.038160711902739446, -1.5406396059725016, 0.0, 0.0, 3.141592653589793, 8, False
32.5, 2601, 0.0, 0.0, 0.0, 0.0, 0.0, 0.0, 0.0, 1, False
32.5, 2602, -212.9078003068808, -120.123100753846, -6.970112435286183, -3.92651660374293, -1.3064030319302344, -0.7370964103585713, 0.7853981633974483, 7, False
32.5, 2603, 10.551545002603959, 20.47354189286664, 7.391176398860639, -1.1708300054343717, -0.6191355341657016, -1.9017547660866667, 4.71238898038469, 5, False
32.5, 2604, -0.05490054013749879, -2.2118575080215845, -0.038160711902739446, -1.5406396059725016, 0.0, 0.0, 3.141592653589793, 8, False
33.0, 2601, 0.0, 0.0, 0.0, 0.0, 0.0, 0.0, 0.0, 1, False
33.0, 2602, -216.3928565245239, -122.08635905571747, -6.9698911953317175, -3.9269093095254184, -1.306411861083893, -0.737080761666806, 0.7853981633974483, 7, False
33.0, 2603, 14.247133202034279, 19.88812689014945, 6.933063052818094, -2.059723791090286, -0.9162266920850921, -1.7777875713118287, 4.71238898038469, 5, False
33.0, 2604, -0.07398089608886851, -2.9821773110078356, -0.038160711902739446, -1.5406396059725016, 0.0, 0.0, 3.141592653589793, 8, False
33.5, 2601, 0.0, 0.0, 0.0, 0.0, 0.0, 0.0, 0.0, 1, False
33.5, 2602, -219.87780212218976, -124.04981371048018, -6.969692461758202, -3.9272620218812633, -1.3064196611935825, -0.7370669364764947, 0.7853981633974483, 7, False
33.5, 2603, 17.713664728443327, 18.85826499460431, 6.350706813083888, -2.87265749690069, -1.164712479468411, -1.6258674116208078, 4.71238898038469, 5, False
33.5, 2604, -0.09306125204023824, -3.752497113994086, -0.038160711902739446, -1.5406396059725016, 0.0, 0.0, 3.141592653589793, 8, False
34.0, 2601, 0.0, 0.0, 0.0, 0.0, 0.0, 0.0, 0.0, 1, False
34.0, 2602, -223.36264835306886, -126.01344472142081, -6.969513896055698, -3.9275789047053546, -1.306426556019805, -0.7370547155579645, 0.7853981633974483, 7, False
34.0, 2603, 20.88901813498527, 17.42193624615396, 5.666065745428078, -3.6015378769899833, -1.3692821353116198, -1.4577607601785865, 4.71238898038469, 5, False
34.0, 2604, -0.11214160799160797, -4.522816916980337, -0.038160711902739446, -1.5406396059725016, 0.0, 0.0, 3.141592653589793, 8, False
34.5, 2601, 0.0, 0.0, 0.0, 0.0, 0.0, 0.0, 0.0, 1, False
34.5, 2602, -226.8474053010967, -127.97723417377348, -6.969353408807013, -3.9278636767522968, -1.3064326539041946, -0.7370439069776253, 0.7853981633974483, 7, False
34.5, 2603, 23.72205100769931, 15.62116730765897, 4.8981052719522165, -4.242035114438147, -1.5359209469517234, -1.280994474896329, 4.71238898038469, 5, False
34.5, 2604, -0.1312219639429777, -5.293136719966587, -0.013386844751280075, -0.5409465253190633, 0.04954773430291874, 1.9993861613068766, 3.141592653589793, 8, False
35.0, 2601, 0.0, 0.0, 0.0, 0.0, 0.0, 0.0, 0.0, 1, False
35.0, 2602, -230.3320820055002, -129.94116601214964, -6.969209132377016, -3.928119660752812, -1.306438049767434, -0.7370343425647572, 0.7853981633974483, 7, False
35.0, 2603, 26.17110364367542, 13.500149750439896, 4.062923553392317, -4.792009201994401, -1.6703634371197982, -1.0999481751125069, 4.71238898038469, 5, False
35.0, 2604, -0.13791538631861772, -5.563609982626119, 0.011385699120647162, 0.45874658812631464, 0.04954508774385447, 1.9993862268907558, 3.141592653589793, 8, False
35.5, 2601, 0.0, 0.0, 0.0, 0.0, 0.0, 0.0, 0.0, 1, False
35.5, 2602, -233.8166865716887, -131.90522584252605, -6.969079396697183, -3.9283498269032537, -1.3064428268368637, -0.7370258748554931, 0.7853981633974483, 7, False
35.5, 2603, 28.202565420371577, 11.104145149442695, 3.174198888762882, -5.250450551001335, -1.7774493292588707, -0.9168826980138685, 4.71238898038469, 5, False
35.5, 2604, -0.13222253675829412, -5.334236688562961, 0.027242128672607602, 1.0986873538484883, 0.03171285910392088, 1.2798815314443472, 3.141592653589793, 8, False
36.0, 2601, 0.0, 0.0, 0.0, 0.0, 0.0, 0.0, 0.0, 1, False
36.0, 2602, -237.3012262700373, -133.86940075597767, -6.968962707781239, -3.928556831401881, -1.3064470581421181, -0.7370183744465302, 0.7853981633974483, 7, False
36.0, 2603, 29.789664864753018, 8.478919873942028, 2.2437234959905106, -5.616804946969366, -1.8609507855447431, -0.7327087919360626, 4.71238898038469, 5, False
36.0, 2604, -0.11860147242199032, -4.784893011638717, 0.03428083570478726, 1.3828181595122067, 0.01407741406435931, 0.5682616113274368, 3.141592653589793, 8, False
36.5, 2601, 0.0, 0.0, 0.0, 0.0, 0.0, 0.0, 0.0, 1, False
36.5, 2602, -240.78570762392792, -135.8336791716786, -6.968857728652463, -3.92874305062075, -1.3064508078113848, -0.7370117277011135, 0.7853981633974483, 7, False
36.5, 2603, 30.911526612748272, 5.670517400457344, 1.2819236022026541, -5.890558420572292, -1.923599787575713, -0.5475069472058527, 4.71238898038469, 5, False
36.5, 2604, -0.10146105456959668, -4.093483931882614, 0.035671897918329615, 1.439048612824653, 0.0027821244270847117, 0.11246090662489228, 3.141592653589793, 8, False
37.0, 2601, 0.0, 0.0, 0.0, 0.0, 0.0, 0.0, 0.0, 1, False
37.0, 2602, -244.27013648825414, -137.79805069698898, -6.968763262402059, -3.928910611428492, -1.3064541321960914, -0.7370058347582863, 0.7853981633974483, 7, False
37.0, 2603, 31.5524884138496, 2.725238190171198, 0.29833626319201934, -6.070991085403189, -1.9671746780212696, -0.3608653296617927, 4.71238898038469, 5, False
37.0, 2604, -0.08362510561043188, -3.3739596254702873, 0.03368923873566429, 1.3591311707689848, -0.003965318365330657, -0.15983488411133617, 3.141592653589793, 8, False
37.5, 2601, 0.0, 0.0, 0.0, 0.0, 0.0, 0.0, 0.0, 1, False
37.5, 2602, -247.75451811945516, -139.76250600270322, -6.968678237131975, -3.9290614181154258, -1.3064570808477438, -0.7370006078035427, 0.7853981633974483, 7, False
37.5, 2603, 31.70165654544561, -0.31025735253039644, -0.697954452857476, -6.15704228593859, -1.9925814320989907, -0.17210240107080232, 4.71238898038469, 5, False
37.5, 2604, -0.06678048624259973, -2.694394040085795, 0.03368923873566429, 1.3591311707689848, 0.0, 0.0, 3.141592653589793, 8, False
38.0, 2601, 0.0, 0.0, 0.0, 0.0, 0.0, 0.0, 0.0, 1, False
38.0, 2602, -251.23885723802115, -141.72703671176095, -6.9686016925652, -3.929197176316991, -1.306459697367216, -0.7369959695650732, 0.7853981633974483, 7, False
38.0, 2603, 31.35267931901687, -3.3887784954996913, -1.6979065656999284, -6.147255967840577, -1.9999042256849047, 0.019572636196025298, 4.71238898038469, 5, False
38.0, 2604, -0.04993586687476759, -2.014828454701303, 0.03368923873566429, 1.3591311707689848, 0.0, 0.0, 3.141592653589793, 8, False
38.5, 2601, 0.0, 0.0, 0.0, 0.0, 0.0, 0.0, 0.0, 1, False
38.5, 2602, -254.72315808430375, -143.69163529991945, -6.968532768132571, -3.929319414283169, -1.3064620201438526, -0.736991852004921, 0.7853981633974483, 7, False
38.5, 2603, 30.503726036166906, -6.46240647941998, -2.692115986200614, -6.039796076775625, -1.9884188410013708, 0.2149197821299044, 4.71238898038469, 5, False
38.5, 2604, -0.03309124750693544, -1.3352628693168105, 0.03368923873566429, 1.3591311707689848, 0.0, 0.0, 3.141592653589793, 8, False
39.0, 2601, 0.0, 0.0, 0.0, 0.0, 0.0, 0.0, 0.0, 1, False
39.0, 2602, -258.20742446837005, -145.65629500706103, -6.968470692367732, -3.9294295017994636, -1.306464082999296, -0.7369881951787347, 0.7853981633974483, 7, False
39.0, 2603, 29.1576680430666, -9.482304517807792, -3.6704026865157084, -5.832539877865667, -1.9565734006301896, 0.4145123978199152, 4.71238898038469, 5, False
39.0, 2604, -0.016246628139103297, -0.6556972839323181, 0.03368923873566429, 1.3591311707689848, 0.0, 0.0, 3.141592653589793, 8, False
39.5, 2601, 0.0, 0.0, 0.0, 0.0, 0.0, 0.0, 0.0, 1, False
39.5, 2602, -261.69165981455393, -147.62100975796076, -6.968414773461947, -3.929528667028309, -1.3064659157488192, -0.7369849462415088, 0.7853981633974483, 7, False
39.5, 2603, 27.322466699808746, -12.398574456740626, -4.621378616892739, -5.523274975486588, -1.9019518607540609, 0.6185298047581581, 4.71238898038469, 5, False
39.5, 2604, 0.0005979912287288475, 0.023868301452174334, 0.03368923873566429, 1.3591311707689848, 0.0, 0.0, 3.141592653589793, 8, False
40.0, 2601, 0.0, 0.0, 0.0, 0.0, 0.0, 0.0, 0.0, 1, False
40.0, 2602, -265.1758672012849, -149.58577409147492, -6.9683643908477375, -3.929618011507638, -1.3064675446911687, -0.7369820585798741, 0.7853981633974483, 7, False
40.0, 2603, 25.011777391362376, -15.160211944483919, -5.532005169835604, -5.110044675199455, -1.821253105885731, 0.8264606005742673, 4.71238898038469, 5, False
40.0, 2604, 0.017442610596560992, 0.7034338868366667, 0.03368923873566429, 1.3591311707689848, 0.0, 0.0, 3.141592653589793, 8, False
40.5, 2601, 0.0, 0.0, 0.0, 0.0, 0.0, 0.0, 0.0, 1, False
40.5, 2602, -268.66004939670876, -151.55058309722872, -6.968318987695791, -3.9296985235152952, -1.3064689930363835, -0.7369794910541929, 0.7853981633974483, 7, False
40.5, 2603, 22.245774806444572, -17.715234282083646, -6.38717937397746, -4.591703975880616, -1.7103484082837122, 1.0366813986376777, 4.71238898038469, 5, False
40.5, 2604, 0.03428722996439314, 1.3829994722211592, 0.03368923873566429, 1.3591311707689848, 0.0, 0.0, 3.141592653589793, 8, False
41.0, 2601, 0.0, 0.0, 0.0, 0.0, 0.0, 0.0, 0.0, 1, False
41.0, 2602, -272.1442088905566, -153.51543235898637, -6.968278064222959, -3.9297710899833778, -1.3064702812797486, -0.7369772073360301, 0.7853981633974483, 7, False
41.0, 2603, 19.052185119455842, -20.011086270023952, -6.99916339420861, -3.8744950356362833, -1.564525804558136, 1.245896868473357, 4.71238898038469, 5, False
41.0, 2604, 0.05113184933222528, 2.0625650576056516, 0.03368923873566429, 1.3591311707689848, 0.0, 0.0, 3.141592653589793, 8, False
41.5, 2601, 0.0, 0.0, 0.0, 0.0, 0.0, 0.0, 0.0, 1, False
41.5, 2602, -275.6283479226681, -155.48031790397806, -6.968241171720982, -3.9298365071250227, -1.3064714275289246, -0.7369751753285407, 0.7853981633974483, 7, False
41.5, 2603, 15.552603422351538, -21.948333787842095, -7.402731532934747, -3.033078609481393, -1.379082880768424, 1.4484924604468832, 4.71238898038469, 5, False
41.5, 2604, 0.06797646870005743, 2.742130642990144, 0.03368923873566429, 1.3591311707689848, 0.0, 0.0, 3.141592653589793, 8, False
42.0, 2601, 0.0, 0.0, 0.0, 0.0, 0.0, 0.0, 0.0, 1, False
42.0, 2602, -279.1124685085286, -157.44523615754056, -6.968207907226063, -3.929895489917279, -1.3064724477903393, -0.7369733666590124, 0.7853981633974483, 7, False
42.0, 2603, 11.851237655884164, -23.464873092582792, -7.70808300334242, -2.1413678837564825, -1.1563251314146374, 1.631843188072592, 4.71238898038469, 5, False
42.0, 2604, 0.08482108806788957, 3.4216962283746364, 0.03368923873566429, 1.3591311707689848, 0.0, 0.0, 3.141592653589793, 8, False
42.5, 2601, 0.0, 0.0, 0.0, 0.0, 0.0, 0.0, 0.0, 1, False
42.5, 2602, -282.59657246214164, -159.4101839024992, -6.968177908758466, -3.929948680567023, -1.306473356220096, -0.7369717562342519, 0.7853981633974483, 7, False
42.5, 2603, 7.997196154212954, -24.535557034461032, -7.907912356266807, -1.2103396901708057, -0.9016506629527608, 1.7852243786137492, 4.71238898038469, 5, False
42.5, 2604, 0.10166570743572172, 4.101261813759129, 0.03368923873566429, 1.3591311707689848, 0.0, 0.0, 3.141592653589793, 8, False
43.0, 2601, 0.0, 0.0, 0.0, 0.0, 0.0, 0.0, 0.0, 1, False
43.0, 2602, -286.08066141652085, -161.3751582427827, -6.968150851069483, -3.929996656072325, -1.306474165343959, -0.7369703218507548, 0.7853981633974483, 7, False
43.0, 2603, 4.043239976079551, -25.140726879546435, -7.996012225933626, -0.2525638191031578, -0.6197939814268387, 1.9015402758256443, 4.71238898038469, 5, False
43.0, 2604, 0.11851032680355386, 4.780827399143621, 0.008908763823515825, 0.35943825388744144, -0.04956094982429693, -1.9993858337630868, 3.141592653589793, 8, False
43.5, 2601, 0.0, 0.0, 0.0, 0.0, 0.0, 0.0, 0.0, 1, False
43.5, 2602, -289.5647368420556, -163.34015657081886, -6.968126441840166, -3.930039934978768, -1.3064748862503563, -0.73696904385267, 0.7853981633974483, 7, False
43.5, 2603, 0.04523386311273825, -25.267008789098014, -7.967724129517516, 0.7178942790580843, -0.31756796966713563, 1.9746266950088296, 4.71238898038469, 5, False
43.5, 2604, 0.12296470871531177, 4.960546526087342, -0.01406285665129738, -0.56728515417247, -0.04594324094962641, -1.853446816119823, 3.141592653589793, 8, False
44.0, 2601, 0.0, 0.0, 0.0, 0.0, 0.0, 0.0, 0.0, 1, False
44.0, 2602, -293.04880006297566, -165.30517653830825, -6.968104418282552, -3.9300789834189285, -1.3064755287598282, -0.7369679048314977, 0.7853981633974483, 7, False
44.0, 2603, -3.93862820164602, -24.90806164956897, -7.82037502234893, 1.68574449719433, -0.0035804626502964256, 1.9999967950692343, 4.71238898038469, 5, False
44.0, 2604, 0.11593328038966308, 4.676903949001106, -0.026244664062416156, -1.058727971787382, -0.02436361482223755, -0.9828856352298242, 3.141592653589793, 8, False
44.5, 2601, 0.0, 0.0, 0.0, 0.0, 0.0, 0.0, 0.0, 1, False
44.5, 2602, -296.53285227211694, -167.2702160300177, -6.968084544099608, -3.9301142205132096, -1.3064761015738935, -0.7369668893622572, 0.7853981633974483, 7, False
44.5, 2603, -7.848815712820485, -24.065189400971807, -7.553626627735084, 2.6349050777535634, 0.3123721180181765, 1.9754553044513152, 4.71238898038469, 5, False
44.5, 2604, 0.102810948358455, 4.147539963107415, -0.031236907092092935, -1.2601302279251139, -0.009984486059353558, -0.40280451227546354, 3.141592653589793, 8, False
45.0, 2601, 0.0, 0.0, 0.0, 0.0, 0.0, 0.0, 0.0, 1, False
45.0, 2602, -300.01689454416675, -169.2352731402743, -6.9680666067650465, -3.9301460232014103, -1.3064766124059157, -0.7369659837715461, 0.7853981633974483, 7, False
45.0, 2603, -11.625629026688028, -22.747736862095024, -7.169676312519327, 3.5490479813182674, 0.6201462782563745, 1.9014254109916506, 4.71238898038469, 5, False
45.0, 2604, 0.08719249481240854, 3.5174748491448584, -0.03168266422705506, -1.2781182331980905, -0.0008915142699242491, -0.03597601054595323, 3.141592653589793, 8, False
45.5, 2601, 0.0, 0.0, 0.0, 0.0, 0.0, 0.0, 0.0, 1, False
45.5, 2602, -303.5009278475493, -171.200346151875, -6.968050415088514, -3.9301747305666686, -1.3064770680962166, -0.7369651759335127, 0.7853981633974483, 7, False
45.5, 2603, -15.210467182947692, -20.97321287143589, -6.673279436147843, 4.412181044232697, 0.9101605399564089, 1.780900837078319, 4.71238898038469, 5, False
45.5, 2604, 0.071351162698881, 2.8784157325458133, -0.03168266422705506, -1.2781182331980905, 0.0, 0.0, 3.141592653589793, 8, False
46.0, 2601, 0.0, 0.0, 0.0, 0.0, 0.0, 0.0, 0.0, 1, False
46.0, 2602, -306.98495305509357, -173.16543351715833, -6.968035797035454, -3.9302006477064855, -1.306477474713398, -0.7369644550902725, 0.7853981633974483, 7, False
46.0, 2603, -18.547106901021614, -18.767122349319543, -6.071602724607728, 5.209188070566854, 1.1741824514886663, 1.6190415592615486, 4.71238898038469, 5, False
46.0, 2604, 0.05550983058535347, 2.239356615946768, -0.03168266422705506, -1.2781182331980905, 0.0, 0.0, 3.141592653589793, 8, False
46.5, 2601, 0.0, 0.0, 0.0, 0.0, 0.0, 0.0, 0.0, 1, False
46.5, 2602, -310.4689709536113, -175.13053384101158, -6.968022597774346, -3.930224049199491, -1.3064778376435706, -0.7369638116937495, 0.7853981633974483, 7, False
46.5, 2603, -21.58290826332548, -16.162528314036116, -5.3686774676849565, 5.920451793232403, 1.4058505138455437, 1.4225274453310985, 4.71238898038469, 5, False
46.5, 2604, 0.039668498471825936, 1.600297499347723, -0.03168266422705506, -1.2781182331980905, 0.0, 0.0, 3.141592653589793, 8, False
47.0, 2601, 0.0, 0.0, 0.0, 0.0, 0.0, 0.0, 0.0, 1, False
47.0, 2602, -313.9529822524985, -177.09564586561132, -6.9680106779270545, -3.930245182211225, -1.306478161668983, -0.736963237266307, 0.7853981633974483, 7, False
47.0, 2603, -24.267246997167955, -13.202302417419915, -4.56823882062721, 6.519866484657601, 1.6008772941154927, 1.198829382850395, 4.71238898038469, 5, False
47.0, 2604, 0.023827166358298405, 0.9612383827486778, -0.03168266422705506, -1.2781182331980905, 0.0, 0.0, 3.141592653589793, 8, False
47.5, 2601, 0.0, 0.0, 0.0, 0.0, 0.0, 0.0, 0.0, 1, False
47.5, 2602, -317.436987591462, -179.06076845671694, -6.967999912000658, -3.930264269277429, -1.3064784510373462, -0.7369627242778676, 0.7853981633974483, 7, False
47.5, 2603, -26.55136640748156, -9.942369175091114, -3.689820649922309, 6.997759273236227, 1.7568363414098016, 0.9557855771572528, 4.71238898038469, 5, False
47.5, 2604, 0.007985834244770874, 0.32217926614963255, -0.03168266422705506, -1.2781182331980905, 0.0, 0.0, 3.141592653589793, 8, False
48.0, 2601, 0.0, 0.0, 0.0, 0.0, 0.0, 0.0, 0.0, 1, False
48.0, 2602, -320.92098754746235, -181.02590059135565, -6.967990186981498, -3.9302815107991367, -1.306478709522988, -0.7369622660375141, 0.7853981633974483, 7, False
48.0, 2603, -28.396276732442715, -6.443489538473001, -2.753324674568281, 7.348437598978934, 1.872991950708056, 0.7013566514854132, 4.71238898038469, 5, False
48.0, 2604, -0.007855497868756656, -0.3168798504494127, -0.03168266422705506, -1.2781182331980905, 0.0, 0.0, 3.141592653589793, 8, False
48.5, 2601, 0.0, 0.0, 0.0, 0.0, 0.0, 0.0, 0.0, 1, False
48.5, 2602, -324.4049826409531, -182.99104134675522, -6.967981401074312, -3.9302970872801026, -1.3064789404808264, -0.7369618565978138, 0.7853981633974483, 7, False
48.5, 2603, -29.772939069726856, -2.769270738983534, -1.7781161009750377, 7.569725280493816, 1.9504171471864864, 0.4425753630297642, 4.71238898038469, 5, False
48.5, 2604, -0.023696829982284187, -0.9559389670484579, -0.03168266422705506, -1.2781182331980905, 0.0, 0.0, 3.141592653589793, 8, False
49.0, 2601, 0.0, 0.0, 0.0, 0.0, 0.0, 0.0, 0.0, 1, False
49.0, 2602, -327.88897334149027, -184.95618989039528, -6.967973462571112, -3.930311161333762, -1.3064791468940342, -0.7369614906703311, 0.7853981633974483, 7, False
49.0, 2603, -30.661997120214377, 1.0155919012633738, -0.7824139443568678, 7.662338537136295, 1.9914043132363397, 0.18522651328495762, 4.71238898038469, 5, False
49.0, 2604, -0.03953816209581172, -1.594998083647503, -0.03168266422705506, -1.2781182331980905, 0.0, 0.0, 3.141592653589793, 8, False
49.5, 2601, 0.0, 0.0, 0.0, 0.0, 0.0, 0.0, 0.0, 1, False
49.5, 2602, -331.3729600727758, -186.92134547106215, -6.9679662888362035, -3.9303238794840074, -1.3064793314161471, -0.7369611635509818, 0.7853981633974483, 7, False
49.5, 2603, -31.05320409239281, 4.846761169831521, 0.2170379674791273, 7.629234520350198, 1.9989038236719903, -0.06620803357219385, 4.71238898038469, 5, False
49.5, 2604, -0.055379494209339256, -2.234057200246548, -0.03168266422705506, -1.2781182331980905, 0.0, 0.0, 3.141592653589793, 8, False
50.0, 2601, 0.0, 0.0, 0.0, 0.0, 0.0, 0.0, 0.0, 1, False
50.0, 2602, -334.85694321719393, -188.88650741080417, -6.967959805395157, -3.9303353737814146, -1.3064794964082873, -0.736960871054053, 0.7853981633974483, 7, False
50.0, 2603, -30.944685108653246, 8.66137843000662, 1.2050757180436327, 7.475022317657181, 1.9760755011290108, -0.3084244053860354, 4.71238898038469, 5, False
50.0, 2604, -0.07122082632286679, -2.8731163168455933, -0.03168266422705506, -1.2781182331980905, 0.0, 0.0, 3.141592653589793, 8, False
