CS 330, Pathfinding, Begin 2024-04-12 22:30:19

Loaded scenario Adventure Bay AB

Nodes
N 1 0 0.0 0.0 0.0 0 20.0 30.0
N 2 0 0.0 0.0 0.0 0 20.0 15.0
N 3 0 0.0 0.0 0.0 0 50.0 10.0
N 4 0 0.0 0.0 0.0 0 70.0 10.0
N 5 0 0.0 0.0 0.0 0 115.0 10.0
N 6 0 0.0 0.0 0.0 0 135.0 10.0
N 7 0 0.0 0.0 0.0 0 165.0 10.0
N 8 0 0.0 0.0 0.0 0 170.0 15.0
N 9 0 0.0 0.0 0.0 0 180.0 15.0
N 10 0 0.0 0.0 0.0 0 170.0 65.0
N 11 0 0.0 0.0 0.0 0 160.0 65.0
N 12 0 0.0 0.0 0.0 0 151.0 68.0
N 13 0 0.0 0.0 0.0 0 142.0 71.0
N 14 0 0.0 0.0 0.0 0 133.0 74.0
N 15 0 0.0 0.0 0.0 0 124.0 77.0
N 16 0 0.0 0.0 0.0 0 115.0 80.0
N 17 0 0.0 0.0 0.0 0 92.5 80.0
N 18 0 0.0 0.0 0.0 0 70.0 80.0
N 19 0 0.0 0.0 0.0 0 45.0 75.0
N 20 0 0.0 0.0 0.0 0 35.0 70.0
N 21 0 0.0 0.0 0.0 0 20.0 55.0
N 22 0 0.0 0.0 0.0 0 30.0 50.0
N 23 0 0.0 0.0 0.0 0 45.0 40.0
N 24 0 0.0 0.0 0.0 0 40.0 60.0
N 25 0 0.0 0.0 0.0 0 50.0 65.0
N 26 0 0.0 0.0 0.0 0 70.0 70.0
N 27 0 0.0 0.0 0.0 0 70.0 60.0
N 28 0 0.0 0.0 0.0 0 92.5 70.0
N 29 0 0.0 0.0 0.0 0 115.0 70.0
N 30 0 0.0 0.0 0.0 0 140.0 62.0
N 31 0 0.0 0.0 0.0 0 128.5 83.0
N 32 0 0.0 0.0 0.0 0 137.5 80.0
N 33 0 0.0 0.0 0.0 0 146.5 77.0
N 34 0 0.0 0.0 0.0 0 155.5 74.0
N 35 0 0.0 0.0 0.0 0 175.0 85.0
N 36 0 0.0 0.0 0.0 0 175.0 65.0
N 37 0 0.0 0.0 0.0 0 145.0 95.0
N 38 0 0.0 0.0 0.0 0 130.0 100.0
N 39 0 0.0 0.0 0.0 0 152.0 105.0
N 40 0 0.0 0.0 0.0 0 145.0 120.0
N 41 0 0.0 0.0 0.0 0 160.0 140.0
N 42 0 0.0 0.0 0.0 0 175.0 160.0
N 43 0 0.0 0.0 0.0 0 75.0 190.0
N 44 0 0.0 0.0 0.0 0 115.0 100.0
N 45 0 0.0 0.0 0.0 0 92.5 100.0
N 46 0 0.0 0.0 0.0 0 70.0 100.0
N 47 0 0.0 0.0 0.0 0 70.0 110.0
N 48 0 0.0 0.0 0.0 0 77.0 110.0
N 49 0 0.0 0.0 0.0 0 85.0 110.0
N 50 0 0.0 0.0 0.0 0 92.5 110.0
N 51 0 0.0 0.0 0.0 0 100.0 110.0
N 52 0 0.0 0.0 0.0 0 108.0 110.0
N 53 0 0.0 0.0 0.0 0 115.0 110.0
N 54 0 0.0 0.0 0.0 0 108.0 120.0
N 55 0 0.0 0.0 0.0 0 100.0 120.0
N 56 0 0.0 0.0 0.0 0 92.5 120.0
N 57 0 0.0 0.0 0.0 0 85.0 120.0
N 58 0 0.0 0.0 0.0 0 77.0 120.0
N 59 0 0.0 0.0 0.0 0 60.0 90.0
N 60 0 0.0 0.0 0.0 0 182.0 95.0
N 61 0 0.0 0.0 0.0 0 43.0 98.0
N 62 0 0.0 0.0 0.0 0 35.0 95.0
N 63 0 0.0 0.0 0.0 0 30.0 105.0
N 64 0 0.0 0.0 0.0 0 65.0 120.0
N 65 0 0.0 0.0 0.0 0 40.0 105.0
N 66 0 0.0 0.0 0.0 0 20.0 145.0

Connections
C 1 1 2 5.0
C 2 2 1 30.0
C 3 2 3 40.0
C 4 3 2 60.0
C 5 3 4 20.0
C 6 4 3 20.0
C 7 4 5 45.0
C 8 5 4 45.0
C 9 5 6 20.0
C 10 6 5 20.0
C 11 6 7 30.0
C 12 7 6 30.0
C 13 7 8 8.0
C 14 8 7 8.0
C 15 8 9 10.0
C 16 9 8 10.0
C 17 8 10 50.0
C 18 10 8 50.0
C 19 10 11 10.0
C 20 11 35 25.0
C 21 35 36 20.0
C 22 36 10 5.0
C 23 11 12 10.0
C 24 12 11 10.0
C 25 12 13 10.0
C 26 13 12 10.0
C 27 13 14 10.0
C 28 14 13 10.0
C 29 14 15 10.0
C 30 15 14 10.0
C 31 15 16 10.0
C 32 16 15 10.0
C 33 16 17 22.0
C 34 17 16 22.0
C 35 17 18 22.0
C 36 17 18 22.0
C 37 18 19 26.0
C 38 19 18 26.0
C 39 19 20 12.0
C 40 20 19 12.0
C 41 20 21 25.0
C 42 21 20 25.0
C 43 21 22 12.0
C 44 22 23 19.0
C 45 23 3 31.0
C 46 16 44 20.0
C 47 44 16 20.0
C 48 38 44 15.0
C 49 44 38 15.0
C 50 16 38 25.0
C 51 38 16 25.0
C 52 37 38 16.0
C 53 38 37 16.0
C 54 35 37 32.0
C 55 37 35 32.0
C 56 38 40 25.0
C 57 40 38 25.0
C 58 40 41 25.0
C 59 41 40 25.0
C 60 41 42 25.0
C 61 42 41 25.0
C 62 40 43 99.0
C 63 43 40 99.0
C 64 18 46 20.0
C 65 46 18 20.0
C 66 46 47 10.0
C 67 47 46 10.0
C 68 47 48 7.0
C 69 48 47 7.0
C 70 48 49 8.0
C 71 49 48 8.0
C 72 49 50 8.0
C 73 50 49 8.0
C 74 50 51 8.0
C 75 51 50 8.0
C 76 51 52 8.0
C 77 52 51 8.0
C 78 52 53 7.0
C 79 53 52 7.0
C 80 44 53 10.0
C 81 53 44 10.0
C 82 19 62 23.0
C 83 62 19 23.0
C 84 47 61 30.0
C 85 61 47 30.0
C 86 47 64 12.0
C 87 64 47 12.0
C 88 61 62 10.0
C 89 62 61 10.0
C 90 61 65 16.0
C 91 65 61 16.0
C 92 62 63 12.0
C 93 63 62 12.0
C 94 63 64 39.0
C 95 64 63 39.0
C 96 64 66 70.0
C 97 66 64 70.0
C 98 20 24 23.0
C 99 24 20 23.0
C 100 19 25 23.0
C 101 25 19 23.0
C 102 18 26 20.0
C 103 26 18 20.0
C 104 26 27 20.0
C 105 27 26 20.0
C 106 26 28 45.0
C 107 28 26 45.0
C 108 28 29 45.0
C 109 29 28 45.0
C 110 29 30 53.0
C 111 30 29 53.0
C 112 17 28 20.0
C 113 28 17 20.0
C 114 16 29 20.0
C 115 29 16 20.0
C 116 13 30 19.0
C 117 30 13 19.0
C 118 12 34 15.0
C 119 34 12 15.0
C 120 13 33 15.0
C 121 33 13 15.0
C 122 14 32 15.0
C 123 32 14 15.0
C 124 15 31 15.0
C 125 31 15 15.0
C 126 17 45 40.0
C 127 45 17 40.0
C 128 45 50 20.0
C 129 50 45 20.0
C 130 44 45 45.0
C 131 45 44 45.0
C 132 45 46 45.0
C 133 46 45 45.0
C 134 52 54 20.0
C 135 54 52 20.0
C 136 51 55 20.0
C 137 55 51 20.0
C 138 50 56 20.0
C 139 56 50 20.0
C 140 49 57 20.0
C 141 57 49 20.0
C 142 48 58 20.0
C 143 58 48 20.0
C 144 18 59 29.0
C 145 59 18 29.0
C 146 19 59 43.0
C 147 59 19 43.0
C 148 46 59 29.0
C 149 59 46 29.0
C 150 35 60 25.0
C 151 60 35 25.0
C 152 37 39 25.0
C 153 39 37 25.0

Path from 1 to 29 path= 1 2 3 4 5 6 7 8 10 11 12 13 14 15 16 29 cost= 298.0
Path from 1 to 38 path= 1 2 3 4 5 6 7 8 10 11 35 37 38 cost= 301.0
Path from 11 to 1 path= 11 12 13 14 15 16 17 18 19 20 21 22 23 3 2 1 cost= 309.0
Path from 33 to 66 path= 33 13 14 15 16 17 18 46 47 64 66 cost= 201.0
Path from 58 to 43 path= 58 48 49 50 51 52 53 44 38 40 43 cost= 208.0

CS 330, Pathfinding, End 2024-04-12 22:30:19
